seeds: 41218238 421491713 1255413673 350530906 944138913 251104806 481818804 233571979 2906248740 266447632 3454130719 50644329 1920342932 127779721 2109326496 538709762 3579244700 267233350 4173137165 60179884

seed-to-soil map:
1389477588 1222450723 86190269
2369327568 3429737174 127508203
88123474 1366319913 182655004
1475667857 405321476 41320497
1258939826 536917987 41172751
1924266396 3404859218 24877956
1762699703 957158780 33280161
3452528837 3222194776 182664442
2196573512 1924266396 172754056
433176947 990438941 6166389
4047092335 2681059373 30705388
439343336 1626695089 181842577



soil-to-fertilizer map:
1796371314 958475699 90518367
4004397333 4049196179 245771117
2175877891 3813840430 96544159
1966430612 3997904997 51291182
3155151482 799623922 79310846
4250168450 2358444962 15280909
4265449359 3910384589 29517937



fertilizer-to-water map:
3988818582 3038666130 306148714
2927763871 3008779749 29886381


water-to-light map:
1071892650 2651787028 57679970
1129572620 3396952543 81593150
1240611714 2163493623 488293405


light-to-temperature map:
4148509456 1952010509 126270832
856886372 936932802 97162803
829640090 282271594 27246282



temperature-to-humidity map:
645925588 927807414 87140162
0 398577479 157531253
1936153073 3766846194 135269565
3964800672 3492411188 1957783
3660032389 3460150664 32260524
1374126579 1182630672 364804866
2334938774 2586583717 132274954
3729993364 4148156458 139151684




humidity-to-location map:
2297594568 1304834363 199636291
964984478 962777545 102011627
3376226732 2612009119 78542873
3210191679 3257561655 73324720
960734175 2732971245 4250303

